morph
[1] = [38, 2]
[2] = [38, 3]
[4] = [38, 1]
[33] = [39, 1]
[35] = [39, 2]
[49] = [40, 1]
[50] = [40, 2]
[68] = [42, 1]
[69] + [70] = [42, 3]
[71] = [42, 4]
[72] = [42, 2]
[76] = [42, 5]
[81] = [43, 2] * [43, 5]
[82] = [43, 5]
[83] = [43, 1] * [43, 2] + [43, 1] * [43, 3] + [43, 4] * [43, 5] + [43, 4] * [43, 6]
[84] = [43, 1] * [43, 2] + [43, 1] * [43, 3]
[85] = [43, 3] + [43, 6]
[115] = [41, 4]
[117] = [41, 1]
[119] = [41, 2]
[290] = [44, 2]
[333] + [349] = [45, 5]
[355] = [46, 1]
[356] = [46, 2]
[380] = [47, 1]
[385] = [48, 2] + [48, 3]
[388] = [48, 1]
[391] = [47, 1] + [47, 3]
[392] = [47, 2]
[434] * [440] = [50, 1]
[438] = [50, 2]
[537] + [538] = [49, 2]
[539] + [538] = [49, 1]
[544] + [546] = [52, 1]
[545] + [546] = [52, 2]
[574] = [53, 2] * ([53, 1] == 0)
[606] = [54, 1]
[608] = [54, 2]
[609] = [54, 2]
[652] = [55, 1]
[659] = [55, 2]
[666] = [55, 3]
[709] = [56, 1] + [58, 2]
[711] = [56, 2] + [58, 5]
[713] = [58, 1]
[714] = [58, 1]
[715] = [58, 4]
[723] = [64, 1]
[724] = [64, 2]
[752] = [65, 1]
[754] = [65, 2]
[755] = [65, 3]
[760] = [59, 2]
[761] = [59, 1]
[767] = [59, 2]
[768] = [59, 1]
[775] = [60, 2]
[776] = [60, 1]
[777] = [60, 3]
[783] = [61, 4]
[784] = [61, 3]
[787] = [61, 5]
[793] = [61, 2]
[794] = [61, 1]
phon
[878] + [879] + [880] + [881] + [882] + [883] + [884] = [2, 1]
[885] + [886] + [887] = [2, 11]
[889] + [890] = [2, 10]
[891] + [892] = [2, 9]
[893] = [2, 2]
[894] = [2, 5] + [2, 6] + [2, 7]
[895] = [2, 4]
[896] = [2, 3]
[952] = [2, 5]
[953] = [2, 7]
[954] = [2, 6]
[956] = [2, 3]
[1140] = [3, 1]
[1143] = [3, 3]
[1144] = [3, 2]
[1163] = [10, 2] * [11, 2]
[1169] = [10, 1] * [11, 1]
[1181] = [12, 4] + [12, 6]
[1182] = [12, 1] * [12, 4]
[1184] = [12, 5]
[1186] = [16, 1]
[1187] = [16, 2]
[1195] = [17, 1]
[1199] = [17, 2]
[1205] = [29, 1] == 1
[1206] = [29, 1] == 0.5
[1207] = [29, 3] == 1
[1208] = [29, 3] == 0.5
[1209] = [29, 2]
[1224] = [18, 1] + [18, 2] + [18, 3]
[1225] = [18, 4] + [18, 5] + [18, 6]
[1231] = [20, 1]
[1232] = [20, 3]
[1236] = [20, 4]
[1262] = [21, 1]
[1263] = [21, 2]
[1276] + [1280] + [1281] = [22, 2] == 1
[1277] = [22, 2] == 0.5
[1278] = [22, 1] == 1
[1279] = [22, 1] == 0.5
[1289] + [1290] + [1291] = [23, 1]
[1293] + [1294]  + [1295] + [1296] + [1297] + [1298] = [23, 2]
[1305] = [24, 1]
[1307] + [1309] + [1311] = [24, 2]
[1312] = [24, 4]
[1364] = [36, 2] + [36, 4]
[1365] = [25, 2] == 1
[1366] = [25, 2] == 0.5
[1367] = [25, 4] == 1
[1368] = [25, 4] == 0.5
[1369] = [25, 3]
[1444] = [26, 1]
[1445] = [26, 2]
[1475] = [24, 5]
lex
[1742] = [101, 1]
[1745] = [101, 2]
[1983] = [105, 1]
[1992] = [105, 2]
[2045] = [106, 1] + [106, 2] + [107, 1] + [107, 2]
[2048] = [107, 5]
[2052] = [106, 4]
[2053] = [106, 3] + [107, 3]
[2073] = [106, 1] * [107, 4]
[2076] = [106, 4] * [107, 1]
[2098] = [106, 1] * [107, 1]
[2116] = [106, 1] + [107, 1]
[2117] = [106, 2] + [107, 2]
[2286] = [108, 1]
[2287] = [108, 2]
[2307] = [109, 1]
[2310] = [109, 2]
[2359] = [144, 3]
[2360] = [144, 1]
[2364] = [110, 1]
[2367] = [110, 2]
[2506] = [111, 1]
[2519] = [111, 2]
[2525] = [112, 1]
[2532] = [112, 2]
[2535] = [112, 3]
[2536] = [112, 4]
[2537] = [112, 5]
[2708] + [2709] = [141, 1]
[2714] = [141, 2]
[2719] = [141, 4]
[2720] = [141, 3]
[2721] = [141, 5]
[2886] = [113, 1]
[2887] = [113, 3]
[2888] = [113, 4]
[2889] = [113, 2]
[2961] + [2962] = [114, 1]
[2964] = [114, 3]
[2965] = [114, 2]
[3125] = [120, 4]
[3149] = [120, 3]
[3150] = [120, 1]
[3152] = [120, 2]
[3161] = [120, 5]
[3175] = [119, 1]
[3176] = [119, 2]
[3180] = [119, 3]
[3194] = [133, 3]
[3196] = [133, 1]
[3200] = [133, 2]
[3216] = [115, 1]
[3217] = [115, 1]
[3228] = [115, 2]
[3325] = [117, 1]
[3328] = [117, 3]
[3332] = [117, 2]
[3356] = [117, 6]
[3375] = [117, 5]
[3494] = [122, 1]
[3500] = [122, 2]
[3502] = [122, 3]
[3505] = [124, 1]
[3518] = [124, 3]
[3519] = [124, 2]
[3536] + [3537] = [125, 6]
[3541] = [125, 1]
[3542] = [125, 2]
[3543] = [125, 3]
[3595] = [127, 1]
[3627] = [127, 4]
[3629] = [127, 5]
[3630] = [127, 2]
[3633] = [127, 3]
[3898] = [129, 1]
[3902] = [129, 1]
[3907] = [129, 2]
[4111] = [130, 1]
[4117] = [130, 2]
[4121] = [130, 3]
[4127] = [130, 6]
[4128] = [130, 5]
[4130] = [130, 4]
[4163] = [146, 3]
[4164] = [146, 4]
[4167] = [146, 2]
[4193] = [134, 5]
[4194] = [134, 2]
[4195] = [134, 1]
[4196] = [134, 4]
[4204] = [134, 3]
[4206] = [134, 6]
[4219] = [135, 1]
[4225] = [135, 2]
[4228] = [138, 1]
[4230] = [138, 5]
[4233] = [138, 4]
[4235] = [138, 3]
[4236] = [138, 2]
[4267] = [136, 1]
[4275] = [136, 2]
[4286] = [137, 1]
[4289] = [137, 2]
[4303] = [137, 3]
[4306] = [140, 4]
[4309] = [140, 3]
[4311] = [140, 2]
[4322] = [140, 5]